teste<-1:10